receptor = protein.pdbqt
exhaustiveness  = 8
center_x = 14.649111338
center_y = 17.3262209065
center_z = 16.9556655417
size_x = 17.0267292221
size_y = 13.881441813
size_z = 14.5183323757